from .joints import LEFT_RIGHT_ARM_TORSO_JOINTS_INDICES
from .helpers import tuple_to_joint_dict

RIGHT_PUNCH = [
    (-0.7589, -1.3272, 0.5087, -1.9598, -0.7834, 1.3089, 0.4808, 1.9911),
    (-0.8978, -1.2402, 0.5079, -1.8130, -0.4065, 1.0456, 0.4057, 2.1376),
    (-0.8974, -1.2360, 0.5152, -1.7409, -0.1352, 1.0086, 0.2024, 2.1376),
    (-0.4538, -1.1845, 0.5125, -2.1220, -1.0103, 0.8892, 0.7063, 1.6135),
    (-0.2539, -1.0636, 0.3721, -2.1223, -1.3846, 1.1311, 0.9173, 1.2270),
    (0.1108, -1.0628, 0.1204, -2.1227, -1.6222, 1.3302, 1.0794, 0.8356),
    (0.3367, -1.0846, 0.1219, -2.1231, -1.7725, 1.5091, 1.3296, 0.4931),
    (0.3553, -1.1017, 0.3088, -2.1231, -1.8187, 1.5946, 1.2869, 0.2558),
    (-0.0559, -1.1143, 0.3092, -2.1227, -1.6428, 1.3798, 1.1484, 0.7467),
    (-0.3538, -1.1269, 0.3092, -2.1223, -1.4193, 1.2783, 0.9539, 1.2335),
    (-0.6003, -1.2150, 0.3874, -2.0373, -1.0538, 1.1940, 0.6289, 1.7802),
    (-0.7673, -1.4000, 0.3889, -1.9282, -0.8055, 1.2246, 0.4423, 2.0689),
]

RIGHT_UPPERCUT = [
    (-0.7589, -1.3272, 0.5087, -1.9598, -0.7834, 1.3089, 0.4808, 1.9911),
    (-0.6712, -1.6545, 0.3752, -1.8362, -0.7120, 1.5992, 0.6231, 1.8885),
    (-0.7086, -1.6560, 0.4858, -2.0098, -0.6197, 1.6442, 0.4610, 1.8248),
    (-0.6601, -1.6556, 0.4992, -1.9991, -0.9302, 1.6503, 0.3977, 1.7142),
    (-0.5594, -1.6552, 0.6956, -2.0361, -1.1946, 1.6461, 0.1860, 1.6032),
    (-0.4450, -1.6549, 0.6994, -2.0739, -1.4883, 1.6461, 0.0853, 1.3529),
    (-0.7341, -1.6560, 0.6491, -1.8629, -1.7115, 1.6366, 0.0868, 1.1816),
    (-0.8078, -1.6564, 0.5613, -1.8622, -1.3666, 1.6625, 0.1749, 1.5169),
    (-0.7349, -1.6560, 0.4988, -1.8633, -1.0569, 1.6747, 0.3847, 1.7004),
    (-0.7345, -1.6552, 0.3992, -1.8282, -0.7212, 1.6476, 0.4976, 1.9247),
    (-0.7589, -1.3272, 0.5087, -1.9598, -0.7834, 1.3089, 0.4808, 1.9911),
]


LEFT_PUNCH = [
    (-0.7731, -1.5091, 0.4984, -1.7519, -0.7349, 1.3306, 0.4927, 1.9625),
    (-1.1465, -1.5122, 0.5854, -1.2175, -0.5201, 1.1223, 0.4931, 2.1151),
    (-1.4876, -1.5236, 0.8368, -0.7280, -0.3958, 0.8774, 0.4904, 2.1380),
    (-1.6276, -1.6495, 0.9943, -0.3000, -0.0956, 0.8213, 0.2161, 2.1380),
    (-1.7485, -1.7201, 1.0744, -0.1173, -0.1009, 0.8004, 0.2169, 2.1380),
    (-1.5543, -1.5961, 0.9413, -0.6167, -0.2981, 0.8553, 0.2199, 2.1380),
    (-0.9371, -1.3520, 0.5709, -1.4689, -0.6365, 1.0827, 0.4419, 2.0048),
    (-0.6106, -1.3127, 0.3962, -1.9499, -0.7574, 1.2993, 0.4950, 2.0636),
]


FIGHT_POSE_TO_BLOCK = [
    (-0.6037, -1.4313, 0.2897, -1.9636, -0.8318, 1.5374, 0.4053, 1.8648),
(-0.9493, -1.6671, 0.1886, -1.8252, -1.0679, 1.6804, 0.2440, 1.7416),
(-1.2644, -1.6926, 0.1806, -1.6272, -1.2598, 1.6919, 0.1326, 1.7393),
(-1.5475, -1.7109, 0.1734, -1.4525, -1.4826, 1.7006, 0.1192, 1.6150),
]

BLOCK_TO_FIGHT_POSE = [
(-1.5475, -1.7109, 0.1734, -1.4525, -1.4826, 1.7006, 0.1192, 1.6150),
(-1.2644, -1.6926, 0.1806, -1.6272, -1.2598, 1.6919, 0.1326, 1.7393),
(-0.9493, -1.6671, 0.1886, -1.8252, -1.0679, 1.6804, 0.2440, 1.7416),
    (-0.6037, -1.4313, 0.2897, -1.9636, -0.8318, 1.5374, 0.4053, 1.8648),

]
VICTORY_ANIMATION = [
    (-0.7589, -1.3272, 0.5087, -1.9598, -0.7834, 1.3089, 0.4808, 1.9911),
(-1.5177, -1.4203, 0.3882, -1.6596, -0.9916, 1.4626, 0.2840, 2.0552),
(-1.9160, -1.0575, 0.3954, -1.3384, -1.8858, 0.8858, 0.1020, 1.7134),
(-2.3077, -1.1116, 0.4973, -0.9894, -2.4420, 0.9518, 0.4797, 1.1900),
(-1.8488, -0.9034, 0.2531, -1.4803, -2.2471, 0.7676, 0.4530, 1.2144),
(-1.7569, -0.8847, 0.1791, -1.5124, -2.0781, 0.7241, 0.2070, 1.5028),
(-2.3428, -1.0205, 0.4606, -1.0630, -2.6141, 0.9484, 0.0000, 0.0000),
(-2.6923, -1.3298, 0.4530, -0.6998, -2.8639, 1.1689, 0.5915, 0.6685),
(-2.1670, -1.1452, 0.2356, -1.3388, -2.0663, 1.1708, 0.1062, 1.4399),
(-2.6797, -1.3031, 0.4026, -0.7147, -2.7888, 1.2341, 0.3305, 0.7189),
(-2.1815, -1.2196, 0.2863, -1.2747, -2.3909, 1.0994, 0.2810, 1.1545),
(-1.7840, -1.1540, 0.2012, -1.6737, -2.0659, 1.0628, 0.0948, 1.4414),
(-2.4668, -1.2845, 0.2451, -1.1248, -2.6259, 1.1750, 0.2447, 1.0153),
(-1.4410, -1.4309, 0.2523, -1.8488, -1.4933, 1.3615, 0.2054, 1.8446),
(-1.0576, -1.5080, 0.4412, -2.1723, -0.9680, 1.5488, 0.3550, 2.1017),
    (-0.7589, -1.3272, 0.5087, -1.9598, -0.7834, 1.3089, 0.4808, 1.9911),
]

CAMERA_NEUTRAL_TO_TAKING_PHOTO = [
 (-0.6117, -1.4550, 0.7559, -1.7103, -0.3317, 1.2314, 0.5152, 2.0235),
(-0.8948, -1.4565, 0.7559, -1.7088, -0.5934, 1.2314, 0.5190, 1.9774),
(-1.0985, -1.4527, 0.7776, -1.6356, -0.8177, 1.2791, 0.5152, 1.9282),
(-1.3457, -1.4157, 0.7197, -1.6341, -1.1557, 1.2810, 0.5789, 1.8282),
]

TAKING_PHOTO_TO_CAMERA_NEUTRAL = [
(-1.3457, -1.4157, 0.7197, -1.6341, -1.1557, 1.2810, 0.5789, 1.8282),
(-1.0985, -1.4527, 0.7776, -1.6356, -0.8177, 1.2791, 0.5152, 1.9282),
(-0.8948, -1.4565, 0.7559, -1.7088, -0.5934, 1.2314, 0.5190, 1.9774),
 (-0.6117, -1.4550, 0.7559, -1.7103, -0.3317, 1.2314, 0.5152, 2.0235),
]

for i in range(len(RIGHT_PUNCH)):
    RIGHT_PUNCH[i] = tuple_to_joint_dict(
        LEFT_RIGHT_ARM_TORSO_JOINTS_INDICES, RIGHT_PUNCH[i]
    )

for i in range(len(RIGHT_UPPERCUT)):
    RIGHT_UPPERCUT[i] = tuple_to_joint_dict(
        LEFT_RIGHT_ARM_TORSO_JOINTS_INDICES, RIGHT_UPPERCUT[i]
    )

for i in range(len(LEFT_PUNCH)):
    LEFT_PUNCH[i] = tuple_to_joint_dict(
        LEFT_RIGHT_ARM_TORSO_JOINTS_INDICES, LEFT_PUNCH[i]
    )

for i in range(len(FIGHT_POSE_TO_BLOCK)):
    FIGHT_POSE_TO_BLOCK[i] = tuple_to_joint_dict(
        LEFT_RIGHT_ARM_TORSO_JOINTS_INDICES, FIGHT_POSE_TO_BLOCK[i]
    )

for i in range(len(BLOCK_TO_FIGHT_POSE)):
    BLOCK_TO_FIGHT_POSE[i] = tuple_to_joint_dict(
        LEFT_RIGHT_ARM_TORSO_JOINTS_INDICES, BLOCK_TO_FIGHT_POSE[i]
    )

for i in range(len(VICTORY_ANIMATION)):
    VICTORY_ANIMATION[i] = tuple_to_joint_dict(
        LEFT_RIGHT_ARM_TORSO_JOINTS_INDICES, VICTORY_ANIMATION[i]
    )

for i in range(len(CAMERA_NEUTRAL_TO_TAKING_PHOTO)):
    CAMERA_NEUTRAL_TO_TAKING_PHOTO[i] = tuple_to_joint_dict(
        LEFT_RIGHT_ARM_TORSO_JOINTS_INDICES, CAMERA_NEUTRAL_TO_TAKING_PHOTO[i]
    )
for i in range(len(TAKING_PHOTO_TO_CAMERA_NEUTRAL)):
    TAKING_PHOTO_TO_CAMERA_NEUTRAL[i] = tuple_to_joint_dict(
        LEFT_RIGHT_ARM_TORSO_JOINTS_INDICES, TAKING_PHOTO_TO_CAMERA_NEUTRAL[i]
    )